Time,Steps,TimePerStep,Error
6742071, 288183, 23.3951, 0.000796219357465
8417591, 288569, 29.170115293, 0.000796219357465
8469069, 289441, 29.2600875481, 0.000796219357465
8352688, 287395, 29.0634423007, 0.000796219357465
8438078, 289393, 29.1578510883, 0.000796219357465
8235410, 290037, 28.3943427907, 0.000796219357465
8043502, 289197, 27.8132276614, 0.000796219357465
8098567, 289737, 27.95144217, 0.000796219357465
8142706, 288861, 28.1890113238, 0.000796219357465
8038634, 288297, 27.883169093, 0.000796219357465
8061904, 287753, 28.016750477, 0.000796219357465
8113260, 287927, 28.1781840536, 0.000796219357465
8099134, 288517, 28.0716006336, 0.000796219357465
8088007, 289731, 27.9155734112, 0.000796219357465
8092198, 288553, 28.0440612297, 0.000796219357465
8062976, 288725, 27.9261442549, 0.000796219357465
8105099, 289095, 28.0361092374, 0.000796219357465
8101705, 290937, 27.8469393718, 0.000796219357465
8107149, 288851, 28.0668891574, 0.000796219357465
8092636, 289153, 27.9873838418, 0.000796219357465
8388783, 288461, 29.0811686848, 0.000796219357465
8503710, 288959, 29.4287770929, 0.000796219357465
8480559, 288199, 29.4260528316, 0.000796219357465
8482918, 288283, 29.4256615895, 0.000796219357465
6706885, 288551, 23.2433261365, 0.000796219357465
6712962, 288549, 23.2645477891, 0.000796219357465
6692189, 288343, 23.2091259368, 0.000796219357465
8608428, 290039, 29.6802430018, 0.000796219357465
8364545, 287635, 29.0804144141, 0.000796219357465
7512888, 290547, 25.8577373024, 0.000796219357465
8001202, 289177, 27.6688740806, 0.000796219357465
7891661, 288251, 27.3777402333, 0.000796219357465
7918769, 289175, 27.3840027665, 0.000796219357465
7919896, 289369, 27.3695385477, 0.000796219357465
8085300, 290051, 27.8754425946, 0.000796219357465
7890635, 287659, 27.4305166882, 0.000796219357465
7962745, 288545, 27.5961981667, 0.000796219357465
8557602, 289733, 29.5361660563, 0.000796219357465
8415994, 288069, 29.2152019134, 0.000796219357465
8396768, 289691, 28.9852567046, 0.000796219357465
8415934, 286929, 29.3310679645, 0.000796219357465
8485228, 288513, 29.4102102852, 0.000796219357465
8437790, 288945, 29.2020626763, 0.000796219357465
8382811, 288475, 29.0590553774, 0.000796219357465
8262847, 286709, 28.8196289618, 0.000796219357465
8344397, 288727, 28.9006466316, 0.000796219357465
8344794, 287293, 29.0462837591, 0.000796219357465
8376108, 289199, 28.9631291948, 0.000796219357465
8267749, 289207, 28.5876517512, 0.000796219357465
6868684, 288755, 23.7872383162, 0.000796219357465
6850303, 288547, 23.7406834935, 0.000796219357465
7041021, 288447, 24.4101030692, 0.000796219357465
7021776, 290465, 24.1742585165, 0.000796219357465
6880636, 289121, 23.7984650025, 0.000796219357465
6949842, 289761, 23.9847391471, 0.000796219357465
6908816, 289297, 23.8813952443, 0.000796219357465
6889801, 288689, 23.8658244685, 0.000796219357465
6910623, 288153, 23.9824780585, 0.000796219357465
7030424, 288121, 24.4009426595, 0.000796219357465
6765482, 287179, 23.5584147866, 0.000796219357465
6859853, 287757, 23.8390482247, 0.000796219357465
8296744, 287643, 28.8438932983, 0.000796219357465
8386944, 288533, 29.0675382019, 0.000796219357465
6938323, 289251, 23.9872048843, 0.000796219357465
6996899, 288795, 24.2279090704, 0.000796219357465
7168364, 286683, 25.0044962554, 0.000796219357465
7063886, 287739, 24.5496300467, 0.000796219357465
6948432, 289363, 24.0128558247, 0.000796219357465
7261629, 289391, 25.0927948692, 0.000796219357465
7102007, 289065, 24.5688928096, 0.000796219357465
6970269, 288855, 24.1306849457, 0.000796219357465
6936077, 289673, 23.9445063917, 0.000796219357465
6873689, 289737, 23.723890977, 0.000796219357465
6825363, 288471, 23.6604823362, 0.000796219357465
6792026, 287573, 23.6184412306, 0.000796219357465
6705152, 289009, 23.2004954863, 0.000796219357465
6784507, 288921, 23.4822217838, 0.000796219357465
6776580, 289197, 23.432400751, 0.000796219357465
6793129, 290491, 23.3849895522, 0.000796219357465
6737659, 288517, 23.3527279155, 0.000796219357465
6764342, 288965, 23.408862665, 0.000796219357465
6754389, 288643, 23.4004947288, 0.000796219357465
6767952, 289365, 23.3889793168, 0.000796219357465
6736297, 288301, 23.3654999462, 0.000796219357465
6845485, 288341, 23.7409352121, 0.000796219357465
6573671, 287707, 22.8484916947, 0.000796219357465
6597823, 288511, 22.8685318757, 0.000796219357465
6576271, 287409, 22.8812284932, 0.000796219357465
6595420, 287245, 22.9609566746, 0.000796219357465
6638595, 288633, 23.0001247259, 0.000796219357465
6648944, 289079, 23.0004393263, 0.000796219357465
6672857, 291565, 22.8863443829, 0.000796219357465
6622959, 287421, 23.0427108666, 0.000796219357465
6637140, 290021, 22.8850324632, 0.000796219357465
6621394, 288439, 22.9559594923, 0.000796219357465
6588262, 287723, 22.8979330815, 0.000796219357465
6624836, 288519, 22.9615241977, 0.000796219357465
6589868, 288147, 22.8698129774, 0.000796219357465
6605034, 288121, 22.9245143533, 0.000796219357465
6666678, 289457, 23.0316696435, 0.000796219357465
7889690, 287911, 27.4032, 0.000796219357465
7805832, 288441, 27.0621444247, 0.000796219357465
8111686, 289251, 28.0437613007, 0.000796219357465
7681526, 288435, 26.6317402534, 0.000796219357465
7557682, 287519, 26.2858524132, 0.000796219357465
7857062, 287925, 27.2885716767, 0.000796219357465
7906337, 288343, 27.4199026853, 0.000796219357465
7912887, 289685, 27.3154875123, 0.000796219357465
7661143, 290187, 26.4007105763, 0.000796219357465
7538109, 288481, 26.1303482725, 0.000796219357465
7612441, 289275, 26.3155855155, 0.000796219357465
7751533, 288535, 26.8651394112, 0.000796219357465
7751842, 289919, 26.7379578434, 0.000796219357465
7769262, 289429, 26.843412374, 0.000796219357465
7652457, 288717, 26.5050447324, 0.000796219357465
7768816, 288245, 26.9521275304, 0.000796219357465
7577118, 289185, 26.2016287152, 0.000796219357465
7746251, 288141, 26.8835431265, 0.000796219357465
7588106, 287557, 26.3881804303, 0.000796219357465
7595858, 288083, 26.366908148, 0.000796219357465
7238101, 290125, 24.9482154244, 0.000796219357465
7067462, 289181, 24.4395793638, 0.000796219357465
7040400, 289717, 24.3009557603, 0.000796219357465
7101816, 288897, 24.5825190293, 0.000796219357465
7092038, 289913, 24.4626422409, 0.000796219357465
6984237, 288407, 24.2166001519, 0.000796219357465
7055916, 287599, 24.5338683375, 0.000796219357465
7297342, 289199, 25.2329434058, 0.000796219357465
6892296, 289941, 23.7713741761, 0.000796219357465
6971241, 287929, 24.2116667651, 0.000796219357465
7146576, 288631, 24.7602509779, 0.000796219357465
8757849, 289323, 30.2701444406, 0.000796219357465
8494811, 287965, 29.4994565312, 0.000796219357465
8510511, 289013, 29.4468103511, 0.000796219357465
8166604, 288173, 28.3392406645, 0.000796219357465
8217353, 289191, 28.4149679624, 0.000796219357465
8259892, 287327, 28.7473575404, 0.000796219357465
8230401, 288561, 28.5222223377, 0.000796219357465
8475929, 288457, 29.3836828366, 0.000796219357465
8735257, 289979, 30.1237572376, 0.000796219357465
8705547, 288541, 30.1709185176, 0.000796219357465
8499143, 288155, 29.4950391282, 0.000796219357465
8425454, 287789, 29.2764977119, 0.000796219357465
8677089, 289447, 29.9781618051, 0.000796219357465
8991037, 288703, 31.142859617, 0.000796219357465
9174918, 289097, 31.7364690744, 0.000796219357465
9108267, 289985, 31.4094418677, 0.000796219357465
9060405, 287733, 31.4889324478, 0.000796219357465
9222571, 289215, 31.8882872603, 0.000796219357465
8957016, 288673, 31.0282430293, 0.000796219357465
7138832, 286765, 24.8943629801, 0.000796219357465
7217757, 288197, 25.0445250992, 0.000796219357465
7176422, 287607, 24.9521812751, 0.000796219357465
7132382, 288677, 24.7071363496, 0.000796219357465
6959756, 288763, 24.1019659721, 0.000796219357465
6958480, 288741, 24.0993831842, 0.000796219357465
6951836, 288619, 24.0865500885, 0.000796219357465
6934207, 289115, 23.9842519413, 0.000796219357465
6950015, 287619, 24.1639634377, 0.000796219357465
6924881, 286953, 24.1324572317, 0.000796219357465
7104323, 288759, 24.6029491721, 0.000796219357465
7071957, 288177, 24.5403241758, 0.000796219357465
7048966, 288331, 24.4474787657, 0.000796219357465
6947225, 287675, 24.1495611367, 0.000796219357465
7213642, 289069, 24.9547409096, 0.000796219357465
7380801, 288719, 25.5639601135, 0.000796219357465
7244327, 287175, 25.2261756769, 0.000796219357465
7222265, 287665, 25.106512784, 0.000796219357465
7279364, 289227, 25.1683418215, 0.000796219357465
7189206, 289807, 24.8068749202, 0.000796219357465
7133567, 287617, 24.8023134933, 0.000796219357465
7243619, 290335, 24.9491759519, 0.000796219357465
7192422, 286893, 25.0700505066, 0.000796219357465
7146667, 288979, 24.7307486011, 0.000796219357465
7025879, 289583, 24.262056129, 0.000796219357465
6976512, 288747, 24.1613315463, 0.000796219357465
7171546, 289357, 24.7844220116, 0.000796219357465
7134967, 289033, 24.6856483516, 0.000796219357465
7114322, 287835, 24.7166675352, 0.000796219357465
7136387, 288071, 24.7730142916, 0.000796219357465
7250212, 289143, 25.0748314848, 0.000796219357465
7326676, 288307, 25.4127579282, 0.000796219357465
8610444, 288057, 29.8914589821, 0.000796219357465
7908020, 288689, 27.3928691429, 0.000796219357465
7594106, 288243, 26.3461940099, 0.000796219357465
8884749, 288709, 30.774063157, 0.000796219357465
7036288, 286675, 24.5444771954, 0.000796219357465
7115882, 290165, 24.5235710716, 0.000796219357465
6891452, 288405, 23.8950503632, 0.000796219357465
6893948, 287689, 23.9631963683, 0.000796219357465
6979371, 288993, 24.1506576284, 0.000796219357465
7208551, 290859, 24.7836614992, 0.000796219357465
7810265, 289683, 26.9614198969, 0.000796219357465
7639007, 289087, 26.424595364, 0.000796219357465
7661087, 288225, 26.5802307225, 0.000796219357465
7553398, 289873, 26.0576114367, 0.000796219357465
7504147, 290409, 25.8399257599, 0.000796219357465
7471870, 288075, 25.9372385663, 0.000796219357465
7392791, 288469, 25.6276792307, 0.000796219357465
7337531, 289113, 25.3794571673, 0.000796219357465
7099903, 289311, 24.5407295264, 0.000796219357465
7230752, 289153, 25.0066642919, 0.000796219357465
7128258, 288015, 24.7496067913, 0.000796219357465
7185816, 288119, 24.9404447468, 0.000796219357465
7111775, 287713, 24.7182956627, 0.000796219357465
6927246, 288219, 24.0346611431, 0.000796219357465
7192726, 287507, 25.0175682679, 0.000796219357465
7095079, 287497, 24.67879317, 0.000796219357465
6836757, 288639, 23.6861858585, 0.000796219357465
6854429, 288727, 23.7401732432, 0.000796219357465
7821886, 288439, 27.1179902856, 0.000796219357465
8496879, 289281, 29.3724060688, 0.000796219357465
8412752, 288313, 29.1792322927, 0.000796219357465
8061513, 288989, 27.8955704196, 0.000796219357465
8179977, 287853, 28.4172025305, 0.000796219357465
8441215, 288653, 29.2434688016, 0.000796219357465
8445508, 289487, 29.1740492665, 0.000796219357465
8282533, 287871, 28.771682455, 0.000796219357465
8344948, 289417, 28.8336483344, 0.000796219357465
8253387, 289159, 28.5427290868, 0.000796219357465
8390141, 288803, 29.0514329837, 0.000796219357465
8505836, 288021, 29.5319994028, 0.000796219357465
8487237, 288849, 29.3829544156, 0.000796219357465
8060219, 288251, 27.962501431, 0.000796219357465
8248672, 287879, 28.6532605713, 0.000796219357465
7781979, 287839, 27.0358742214, 0.000796219357465
7125736, 287811, 24.7583865801, 0.000796219357465
7202105, 288733, 24.9438235325, 0.000796219357465
7310896, 288119, 25.3745709238, 0.000796219357465
7158855, 289449, 24.7326990247, 0.000796219357465
7334987, 289569, 25.3307052896, 0.000796219357465
8069716, 287923, 28.0273406432, 0.000796219357465
8218307, 289693, 28.3690216885, 0.000796219357465
8167338, 288547, 28.3050525564, 0.000796219357465
8299109, 288013, 28.8150500151, 0.000796219357465
8379089, 288717, 29.0218068212, 0.000796219357465
8223237, 289609, 28.394272968, 0.000796219357465
8229222, 288559, 28.5183342055, 0.000796219357465
8196287, 287765, 28.4825708477, 0.000796219357465
8148680, 288337, 28.2609585312, 0.000796219357465
8171179, 287369, 28.4344483921, 0.000796219357465
8193340, 288989, 28.3517365713, 0.000796219357465
8406639, 289869, 29.0015110274, 0.000796219357465
8356147, 288409, 28.9732532619, 0.000796219357465
8424808, 288877, 29.1639971337, 0.000796219357465
8362441, 287795, 29.056936361, 0.000796219357465
6895691, 288683, 23.8867234995, 0.000796219357465
6770517, 288301, 23.4841953375, 0.000796219357465
6830142, 288427, 23.6806609645, 0.000796219357465
7029884, 288989, 24.3257840264, 0.000796219357465
7369303, 289083, 25.4919971081, 0.000796219357465
7337952, 287949, 25.4835127054, 0.000796219357465
7065646, 287531, 24.5735103345, 0.000796219357465
7207441, 287787, 25.0443591962, 0.000796219357465
7282371, 287649, 25.3168653463, 0.000796219357465
7143787, 289435, 24.6818352998, 0.000796219357465
7290640, 289543, 25.1798178509, 0.000796219357465
8557558, 288739, 29.6376935572, 0.000796219357465
8616070, 288177, 29.8985345812, 0.000796219357465
8628931, 288919, 29.8662635548, 0.000796219357465
8857090, 288401, 30.7110238869, 0.000796219357465
8465171, 288853, 29.3061557263, 0.000796219357465
8199054, 287987, 28.4702226142, 0.000796219357465
8134177, 287577, 28.285214047, 0.000796219357465
8326857, 288379, 28.874699614, 0.000796219357465
8433972, 288229, 29.2613581562, 0.000796219357465
8455690, 287729, 29.38768772, 0.000796219357465
8693369, 288583, 30.1243281829, 0.000796219357465
8547274, 287227, 29.7579057679, 0.000796219357465
8297821, 288227, 28.789186995, 0.000796219357465
8010405, 288305, 27.7844817121, 0.000796219357465
8024728, 289517, 27.7176400695, 0.000796219357465
8123066, 287965, 28.2085183963, 0.000796219357465
8005054, 288587, 27.7387893426, 0.000796219357465
8113210, 288775, 28.0952644793, 0.000796219357465
7613694, 289239, 26.3231929304, 0.000796219357465
6916997, 289921, 23.8582130994, 0.000796219357465
7888627, 288559, 27.3380036665, 0.000796219357465
8106969, 287269, 28.2208278652, 0.000796219357465
8090001, 287687, 28.1208431385, 0.000796219357465
7988792, 288461, 27.6945306298, 0.000796219357465
8199030, 288903, 28.3798714447, 0.000796219357465
8165962, 287821, 28.3716685023, 0.000796219357465
8247895, 290305, 28.4111365633, 0.000796219357465
7031014, 287975, 24.4153624447, 0.000796219357465
7125016, 287365, 24.7943068919, 0.000796219357465
7093688, 289267, 24.522977042, 0.000796219357465
7124388, 288823, 24.6669690433, 0.000796219357465
7015068, 289287, 24.2495100022, 0.000796219357465
7169407, 289229, 24.7879949798, 0.000796219357465
6942215, 289055, 24.0169344934, 0.000796219357465
7008855, 289151, 24.2394285339, 0.000796219357465
7115302, 287489, 24.7498234715, 0.000796219357465
7169357, 288505, 24.8500268626, 0.000796219357465
7074545, 287551, 24.6027487298, 0.000796219357465
7113041, 289581, 24.5632172, 0.000796219357465
7122944, 288873, 24.6577007889, 0.000796219357465
6625763, 290027, 22.8453316415, 0.000796219357465
7136088, 288611, 24.7256272283, 0.000796219357465
7077670, 287699, 24.6009544698, 0.000796219357465
8552693, 289685, 29.5241, 0.000796219357465
8448933, 287357, 29.4022174508, 0.000796219357465
8417033, 289249, 29.0996096789, 0.000796219357465
8263436, 287983, 28.6941798648, 0.000796219357465
8224204, 288135, 28.5428844118, 0.000796219357465
8353503, 288235, 28.9815705934, 0.000796219357465
7969287, 289697, 27.5090422062, 0.000796219357465
7809844, 288881, 27.034813643, 0.000796219357465
7730941, 287831, 26.8593063291, 0.000796219357465
7616615, 288775, 26.3756038438, 0.000796219357465
7629415, 288743, 26.4228570043, 0.000796219357465
7544052, 289043, 26.1001027529, 0.000796219357465
7645199, 287671, 26.5761894664, 0.000796219357465
7686372, 289943, 26.5099416092, 0.000796219357465
7904143, 288365, 27.4102023477, 0.000796219357465
8875469, 288465, 30.7679233183, 0.000796219357465
9249433, 290019, 31.8925070426, 0.000796219357465
8698684, 289615, 30.0353365675, 0.000796219357465
8299306, 289715, 28.6464490965, 0.000796219357465
8320371, 288137, 28.8764407209, 0.000796219357465
8138019, 289463, 28.1141942148, 0.000796219357465
8271144, 287941, 28.725134663, 0.000796219357465
8270482, 289547, 28.563521639, 0.000796219357465
8331114, 290389, 28.6894958142, 0.000796219357465
8295510, 289475, 28.6570861042, 0.000796219357465
8205952, 287929, 28.4999149096, 0.000796219357465
8168391, 287783, 28.3838551965, 0.000796219357465
8122274, 289527, 28.0535977646, 0.000796219357465
8250097, 290115, 28.4373334712, 0.000796219357465
8324360, 288931, 28.810892566, 0.000796219357465
8413021, 288657, 29.14539055, 0.000796219357465
8382142, 289037, 29.0002387238, 0.000796219357465
8433036, 289855, 29.0939814735, 0.000796219357465
8444651, 288567, 29.2640911816, 0.000796219357465
8286420, 288651, 28.707400979, 0.000796219357465
8367021, 289229, 28.9287070107, 0.000796219357465
8391452, 288161, 29.1207068271, 0.000796219357465
8450480, 288529, 29.2881478118, 0.000796219357465
8377784, 288419, 29.0472680371, 0.000796219357465
8354932, 288735, 28.9363326233, 0.000796219357465
8773661, 290847, 30.1658982214, 0.000796219357465
8670983, 288187, 30.0880435273, 0.000796219357465
7632733, 287099, 26.5857178186, 0.000796219357465
7594101, 287779, 26.3886558783, 0.000796219357465
7694823, 288623, 26.6604636498, 0.000796219357465
7575953, 290581, 26.0717424746, 0.000796219357465
7631088, 288459, 26.4546712011, 0.000796219357465
7719432, 289707, 26.6456523315, 0.000796219357465
7707193, 287643, 26.794300574, 0.000796219357465
7761954, 288639, 26.8915635101, 0.000796219357465
7663632, 287983, 26.6114041454, 0.000796219357465
7684563, 289311, 26.5615998009, 0.000796219357465
7539266, 288563, 26.1269324203, 0.000796219357465
7783034, 287871, 27.0365337252, 0.000796219357465
7814332, 289211, 27.0194840445, 0.000796219357465
8104512, 290133, 27.933782093, 0.000796219357465
8110065, 288269, 28.1336702871, 0.000796219357465
8074704, 288153, 28.0222798305, 0.000796219357465
8134320, 289673, 28.0810431072, 0.000796219357465
8389593, 287505, 29.1806855533, 0.000796219357465
8122223, 289273, 28.0780542947, 0.000796219357465
8078811, 289749, 27.882101405, 0.000796219357465
8035129, 287675, 27.9312731381, 0.000796219357465
7995462, 288229, 27.7399637094, 0.000796219357465
7980349, 289877, 27.5301213963, 0.000796219357465
8423477, 287505, 29.2985408949, 0.000796219357465
9305717, 288427, 32.2636819715, 0.000796219357465
9356548, 288467, 32.4354189561, 0.000796219357465
8615434, 289253, 29.7851154526, 0.000796219357465
8629319, 288615, 29.8990662301, 0.000796219357465
7921009, 288157, 27.4885184118, 0.000796219357465
7715712, 288459, 26.7480369827, 0.000796219357465
7625149, 288917, 26.3921783765, 0.000796219357465
7624003, 288767, 26.4019191944, 0.000796219357465
7664612, 289195, 26.5032659624, 0.000796219357465
7718243, 289351, 26.6743263372, 0.000796219357465
7817033, 288777, 27.0694445887, 0.000796219357465
7936840, 289611, 27.4051745272, 0.000796219357465
8393809, 288493, 29.0953645322, 0.000796219357465
8519282, 287435, 29.6389862056, 0.000796219357465
8306994, 288889, 28.7549681712, 0.000796219357465
8632836, 288225, 29.9517252147, 0.000796219357465
7589799, 287509, 26.3984744825, 0.000796219357465
7661744, 289143, 26.4981133903, 0.000796219357465
7702000, 288877, 26.6618664691, 0.000796219357465
7724515, 288403, 26.7837539831, 0.000796219357465
7724737, 287491, 26.8694915667, 0.000796219357465
7745372, 288425, 26.8540244431, 0.000796219357465
7570347, 288699, 26.2222834163, 0.000796219357465
7660908, 288691, 26.5367053355, 0.000796219357465
7627014, 288643, 26.4236929356, 0.000796219357465
7690027, 289315, 26.5801185559, 0.000796219357465
7703616, 289367, 26.6223031652, 0.000796219357465
7751093, 290071, 26.7213647693, 0.000796219357465
7623835, 290035, 26.285913769, 0.000796219357465
7635499, 288657, 26.4518061228, 0.000796219357465
7683837, 287825, 26.6962112395, 0.000796219357465
7655330, 288589, 26.5267560441, 0.000796219357465
7767590, 287337, 27.033030901, 0.000796219357465
7571613, 289561, 26.1485939059, 0.000796219357465
7574867, 288923, 26.2175977683, 0.000796219357465
7663042, 289895, 26.4338536367, 0.000796219357465
7535375, 288041, 26.1607722512, 0.000796219357465
7617961, 288415, 26.4131927951, 0.000796219357465
7603689, 288005, 26.4012395618, 0.000796219357465
7619346, 288679, 26.3938353673, 0.000796219357465
7825927, 288255, 27.1493191792, 0.000796219357465
7759213, 288703, 26.8761079726, 0.000796219357465
7713005, 288399, 26.7442154792, 0.000796219357465
7663550, 289127, 26.5058261594, 0.000796219357465
8108617, 287975, 28.1573643545, 0.000796219357465
7957251, 289519, 27.4843827175, 0.000796219357465
7985700, 288903, 27.6414575134, 0.000796219357465
8206706, 288831, 28.4135220942, 0.000796219357465
8265263, 289443, 28.5557536372, 0.000796219357465
8245902, 287811, 28.6504059956, 0.000796219357465
8298015, 289473, 28.6659377559, 0.000796219357465
8515614, 289607, 29.4040337423, 0.000796219357465
8438853, 287417, 29.3610085694, 0.000796219357465
8541701, 289045, 29.5514573855, 0.000796219357465
8519102, 288713, 29.5071645544, 0.000796219357465
8498761, 287827, 29.5273237049, 0.000796219357465
8497862, 287043, 29.604839693, 0.000796219357465
8594625, 289165, 29.7222174191, 0.000796219357465
8683516, 289483, 29.996635381, 0.000796219357465
8604316, 287237, 29.9554583845, 0.000796219357465
8625751, 288337, 29.9155189934, 0.000796219357465
8762011, 287885, 30.4358024906, 0.000796219357465
8639059, 288013, 29.9953786808, 0.000796219357465
8476097, 288197, 29.4107745743, 0.000796219357465
8510610, 290161, 29.3306474681, 0.000796219357465
8474784, 289801, 29.2434601675, 0.000796219357465
8545350, 288955, 29.5732899586, 0.000796219357465
7985871, 287993, 27.7293927283, 0.000796219357465
7665823, 288859, 26.5382868458, 0.000796219357465
7759508, 288211, 26.9230112661, 0.000796219357465
7893868, 288923, 27.3217016298, 0.000796219357465
7817155, 288909, 27.0574990741, 0.000796219357465
7854332, 289469, 27.1335859798, 0.000796219357465
7736236, 286959, 26.959377472, 0.000796219357465
7675842, 288985, 26.561385539, 0.000796219357465
7837579, 288819, 27.1366461348, 0.000796219357465
7847892, 289273, 27.129707923, 0.000796219357465
8044727, 288001, 27.9329828716, 0.000796219357465
8195970, 289373, 28.3232022338, 0.000796219357465
8152294, 288385, 28.268786518, 0.000796219357465
8195697, 289181, 28.3410632095, 0.000796219357465
8241079, 290787, 28.3406032594, 0.000796219357465
8051179, 288875, 27.8708057118, 0.000796219357465
8127891, 287687, 28.252548777, 0.000796219357465
8175211, 287341, 28.4512513007, 0.000796219357465
8011859, 287617, 27.8559994715, 0.000796219357465
7698775, 289069, 26.6330011174, 0.000796219357465
7743282, 289697, 26.7288995053, 0.000796219357465
7675780, 288389, 26.6160637195, 0.000796219357465
7553906, 286423, 26.373252148, 0.000796219357465
7536277, 287419, 26.2205247391, 0.000796219357465
7606567, 287575, 26.4507241589, 0.000796219357465
7582262, 288335, 26.2967104236, 0.000796219357465
7531592, 288311, 26.1231517355, 0.000796219357465
7303701, 287301, 25.4217736799, 0.000796219357465
7686065, 289801, 26.5218719052, 0.000796219357465
7960305, 290051, 27.4445011395, 0.000796219357465
8073828, 287153, 28.1168157742, 0.000796219357465
8181042, 288301, 28.3767382007, 0.000796219357465
8617397, 288503, 29.8693497121, 0.000796219357465
8550634, 288651, 29.62274165, 0.000796219357465
8418101, 288811, 29.1474389826, 0.000796219357465
8622719, 288235, 29.9155862404, 0.000796219357465
9036703, 288991, 31.2698423134, 0.000796219357465
9290973, 289055, 32.142578402, 0.000796219357465
9212626, 287489, 32.0451425968, 0.000796219357465
9158763, 287993, 31.8020333828, 0.000796219357465
8349010, 287315, 29.0587334459, 0.000796219357465
8301335, 288931, 28.7312022594, 0.000796219357465
8549820, 289107, 29.573203001, 0.000796219357465
8563300, 290301, 29.4980037961, 0.000796219357465
8178547, 288411, 28.3572644594, 0.000796219357465
7462387, 288923, 25.8282898904, 0.000796219357465
7447325, 288161, 25.8443196685, 0.000796219357465
7511294, 290027, 25.8986025439, 0.000796219357465
7354930, 288389, 25.5035039478, 0.000796219357465
7438314, 288365, 25.7947878557, 0.000796219357465
7627971, 290091, 26.2950970558, 0.000796219357465
7859874, 289365, 27.1624902804, 0.000796219357465
7913052, 288551, 27.4234086869, 0.000796219357465
8055773, 286875, 28.0811259259, 0.000796219357465
8016672, 287729, 27.8618839255, 0.000796219357465
8092989, 287903, 28.1101238959, 0.000796219357465
7980602, 288589, 27.653867611, 0.000796219357465
8207964, 288215, 28.4786149229, 0.000796219357465
8060211, 289679, 27.8246300215, 0.000796219357465
8231255, 287531, 28.6273653971, 0.000796219357465
8147086, 288739, 28.2160913489, 0.000796219357465
7920560, 288341, 27.4694198883, 0.000796219357465
8047851, 288373, 27.9077826287, 0.000796219357465
8025762, 288343, 27.8340795511, 0.000796219357465
7814134, 288461, 27.0890484329, 0.000796219357465
7983145, 288591, 27.6624877422, 0.000796219357465
8492899, 288835, 29.4039815119, 0.000796219357465
7515359, 288331, 26.065, 0.000796219357465
7003086, 288151, 24.3035283584, 0.000796219357465
7115471, 289019, 24.6193883447, 0.000796219357465
7064840, 287691, 24.5570421042, 0.000796219357465
6999522, 287915, 24.3110709758, 0.000796219357465
7284635, 289197, 25.1891790025, 0.000796219357465
7287996, 289465, 25.1774687786, 0.000796219357465
7080146, 287859, 24.5958820117, 0.000796219357465
7074153, 290545, 24.3478738233, 0.000796219357465
7090382, 288519, 24.5750955743, 0.000796219357465
7154917, 288191, 24.8269966793, 0.000796219357465
8271717, 289263, 28.5958349322, 0.000796219357465
8227111, 289875, 28.3815817163, 0.000796219357465
8071706, 288175, 28.0097371389, 0.000796219357465
8124824, 287355, 28.2745175828, 0.000796219357465
8181775, 287829, 28.4258188021, 0.000796219357465
8212213, 288659, 28.4495304148, 0.000796219357465
8185122, 288705, 28.3511612199, 0.000796219357465
8210093, 288695, 28.4386393945, 0.000796219357465
8167099, 288929, 28.2668025709, 0.000796219357465
8047619, 287105, 28.0302293586, 0.000796219357465
8249284, 288063, 28.6370828603, 0.000796219357465
8142228, 289481, 28.1269858816, 0.000796219357465
8102506, 287803, 28.1529587947, 0.000796219357465
8241298, 289585, 28.4589947684, 0.000796219357465
8300511, 288887, 28.7327259447, 0.000796219357465
8110233, 288155, 28.1453835609, 0.000796219357465
7057838, 288127, 24.4955800741, 0.000796219357465
7054830, 288569, 24.4476364405, 0.000796219357465
7836157, 289211, 27.0949479792, 0.000796219357465
8284487, 289551, 28.6114950389, 0.000796219357465
6810316, 288523, 23.604066227, 0.000796219357465
6846207, 288451, 23.7343846962, 0.000796219357465
6876337, 289489, 23.7533619585, 0.000796219357465
6816319, 288003, 23.6675277688, 0.000796219357465
6834198, 288971, 23.6501171398, 0.000796219357465
6918200, 287323, 24.0781280997, 0.000796219357465
7064823, 288257, 24.5087647481, 0.000796219357465
7065803, 288283, 24.5099537607, 0.000796219357465
7022864, 290643, 24.163196774, 0.000796219357465
6974419, 287931, 24.2225359548, 0.000796219357465
6938615, 289919, 23.9329433393, 0.000796219357465
6898082, 288973, 23.8710260128, 0.000796219357465
7185371, 289919, 24.7840638247, 0.000796219357465
7105772, 289023, 24.5854897361, 0.000796219357465
7187745, 288805, 24.8878828275, 0.000796219357465
7088511, 290093, 24.4353052297, 0.000796219357465
6837701, 289729, 23.600333415, 0.000796219357465
6798562, 289499, 23.4838876818, 0.000796219357465
6807034, 288401, 23.6026712806, 0.000796219357465
6877332, 288731, 23.8191673218, 0.000796219357465
7112244, 289119, 24.5997115375, 0.000796219357465
6934783, 289505, 23.953931711, 0.000796219357465
6855010, 288431, 23.7665507522, 0.000796219357465
6867818, 288679, 23.7905008677, 0.000796219357465
6763377, 289417, 23.3689693418, 0.000796219357465
6745574, 288511, 23.3806475316, 0.000796219357465
6749773, 290083, 23.2684197281, 0.000796219357465
6772658, 289671, 23.3805178979, 0.000796219357465
6699086, 288043, 23.2572428422, 0.000796219357465
6666849, 289575, 23.0228749029, 0.000796219357465
6642736, 288685, 23.010326134, 0.000796219357465
6670214, 288691, 23.1050292527, 0.000796219357465
6655682, 289087, 23.0231106899, 0.000796219357465
6740020, 289675, 23.2675239493, 0.000796219357465
6748109, 288681, 23.375660331, 0.000796219357465
6791331, 288325, 23.5544298968, 0.000796219357465
6835599, 289125, 23.6423657588, 0.000796219357465
6751459, 287695, 23.4674186204, 0.000796219357465
8138579, 289633, 28.0996260785, 0.000796219357465
7654175, 290267, 26.3694288362, 0.000796219357465
7210545, 288063, 25.0311390217, 0.000796219357465
7207004, 288415, 24.988311981, 0.000796219357465
7330503, 287201, 25.5239466436, 0.000796219357465
7226490, 287697, 25.1184058228, 0.000796219357465
7182115, 287621, 24.9707601323, 0.000796219357465
7217235, 289027, 24.9707985759, 0.000796219357465
7212798, 288639, 24.9889931714, 0.000796219357465
7470982, 288091, 25.9327157044, 0.000796219357465
7882223, 288629, 27.3091858406, 0.000796219357465
7837567, 288853, 27.1334104198, 0.000796219357465
7823727, 290167, 26.9628420875, 0.000796219357465
7694845, 288143, 26.7049520551, 0.000796219357465
7657115, 286887, 26.6903519504, 0.000796219357465
7683402, 289101, 26.5768779769, 0.000796219357465
7725859, 288585, 26.7715196563, 0.000796219357465
7375734, 288805, 25.5388029986, 0.000796219357465
7487601, 288919, 25.9159176101, 0.000796219357465
7368067, 290269, 25.3835821255, 0.000796219357465
7329377, 287837, 25.4636374059, 0.000796219357465
7252927, 287831, 25.1985609611, 0.000796219357465
7539238, 289311, 26.0592856822, 0.000796219357465
7428465, 288089, 25.7853128721, 0.000796219357465
7491135, 287435, 26.0620140206, 0.000796219357465
7473202, 289509, 25.8133667693, 0.000796219357465
7554753, 288325, 26.2022127807, 0.000796219357465
7345393, 289375, 25.3836475162, 0.000796219357465
7189254, 289889, 24.8000234573, 0.000796219357465
7236368, 288149, 25.1132851407, 0.000796219357465
7174014, 288441, 24.871686064, 0.000796219357465